{
 "cells": [
  {
   "cell_type": "code",
   "execution_count": null,
   "id": "a4343b53",
   "metadata": {},
   "outputs": [],
   "source": []
  },
  {
   "cell_type": "markdown",
   "id": "b550e076",
   "metadata": {},
   "source": [
    "# DATA SCIENCE\n"
   ]
  },
  {
   "cell_type": "code",
   "execution_count": 3,
   "id": "4c279de2",
   "metadata": {},
   "outputs": [
    {
     "name": "stdout",
     "output_type": "stream",
     "text": [
      "Requirement already satisfied: numpy in /Users/exel-int/opt/anaconda3/lib/python3.8/site-packages (1.20.1)\r\n"
     ]
    }
   ],
   "source": [
    "!pip install numpy"
   ]
  },
  {
   "cell_type": "markdown",
   "id": "3d39bfd7",
   "metadata": {},
   "source": [
    "1 CREATE\n"
   ]
  },
  {
   "cell_type": "code",
   "execution_count": 6,
   "id": "a6e146e2",
   "metadata": {},
   "outputs": [],
   "source": [
    "import numpy as np\n",
    "\n"
   ]
  },
  {
   "cell_type": "code",
   "execution_count": 8,
   "id": "7dd49ec7",
   "metadata": {},
   "outputs": [],
   "source": [
    "data = np.random.rand(2,3,4) #WILL generate random number\n",
    "zeroes = np.zeros((2,2,2)) #will generaate and replecaiong all value with 0\n",
    "full = np.full((2,2,2),7) #will generaate and replecaing 0 all value with 7\n",
    "ones = np.ones((2,2,2)) #replacing the value with 1\n"
   ]
  },
  {
   "cell_type": "code",
   "execution_count": 9,
   "id": "9e2c39f3",
   "metadata": {},
   "outputs": [
    {
     "data": {
      "text/plain": [
       "array([[[0.01736417, 0.19825411, 0.18400822, 0.10466969],\n",
       "        [0.91577236, 0.35138967, 0.10103157, 0.35691819],\n",
       "        [0.81651271, 0.00863403, 0.45477708, 0.23132851]],\n",
       "\n",
       "       [[0.40584107, 0.1830951 , 0.82435868, 0.49512364],\n",
       "        [0.84479825, 0.86273298, 0.77688951, 0.79298097],\n",
       "        [0.360056  , 0.36066285, 0.83663756, 0.98446731]]])"
      ]
     },
     "execution_count": 9,
     "metadata": {},
     "output_type": "execute_result"
    }
   ],
   "source": [
    "data"
   ]
  },
  {
   "cell_type": "code",
   "execution_count": 10,
   "id": "51d128e7",
   "metadata": {},
   "outputs": [
    {
     "data": {
      "text/plain": [
       "array([[[0., 0.],\n",
       "        [0., 0.]],\n",
       "\n",
       "       [[0., 0.],\n",
       "        [0., 0.]]])"
      ]
     },
     "execution_count": 10,
     "metadata": {},
     "output_type": "execute_result"
    }
   ],
   "source": [
    "zeroes"
   ]
  },
  {
   "cell_type": "code",
   "execution_count": 14,
   "id": "b8db81e2",
   "metadata": {},
   "outputs": [],
   "source": [
    "arr = np.array([[1,2,3,4],[6,7,8,8]])"
   ]
  },
  {
   "cell_type": "code",
   "execution_count": 15,
   "id": "0d863194",
   "metadata": {},
   "outputs": [
    {
     "data": {
      "text/plain": [
       "numpy.ndarray"
      ]
     },
     "execution_count": 15,
     "metadata": {},
     "output_type": "execute_result"
    }
   ],
   "source": [
    "type(arr)"
   ]
  },
  {
   "cell_type": "code",
   "execution_count": 16,
   "id": "f77cc287",
   "metadata": {},
   "outputs": [],
   "source": [
    "#READ"
   ]
  },
  {
   "cell_type": "code",
   "execution_count": 17,
   "id": "b4c3ba98",
   "metadata": {},
   "outputs": [],
   "source": [
    "#ATTRIBUTES\n",
    "shape = data.shape\n",
    "size = data.size\n",
    "types = data.dtype"
   ]
  },
  {
   "cell_type": "code",
   "execution_count": 18,
   "id": "19cad25f",
   "metadata": {},
   "outputs": [
    {
     "data": {
      "text/plain": [
       "dtype('float64')"
      ]
     },
     "execution_count": 18,
     "metadata": {},
     "output_type": "execute_result"
    }
   ],
   "source": [
    "shape #will give youbacces what the value before\n",
    "size\n",
    "types"
   ]
  },
  {
   "cell_type": "code",
   "execution_count": 20,
   "id": "27c51491",
   "metadata": {},
   "outputs": [
    {
     "data": {
      "text/plain": [
       "(2, 3, 4)"
      ]
     },
     "execution_count": 20,
     "metadata": {},
     "output_type": "execute_result"
    }
   ],
   "source": [
    "shape"
   ]
  },
  {
   "cell_type": "code",
   "execution_count": 23,
   "id": "effba524",
   "metadata": {},
   "outputs": [],
   "source": [
    "#SLICING\n",
    "arr = data[0]\n",
    "slicer = data[0:2]\n",
    "reverse = data[-1]\n",
    "singlevel= data[0][0][0]"
   ]
  },
  {
   "cell_type": "code",
   "execution_count": 24,
   "id": "d7050671",
   "metadata": {},
   "outputs": [
    {
     "data": {
      "text/plain": [
       "array([[0.01736417, 0.19825411, 0.18400822, 0.10466969],\n",
       "       [0.91577236, 0.35138967, 0.10103157, 0.35691819],\n",
       "       [0.81651271, 0.00863403, 0.45477708, 0.23132851]])"
      ]
     },
     "execution_count": 24,
     "metadata": {},
     "output_type": "execute_result"
    }
   ],
   "source": [
    "arr   #array([[0.01736417, 0.19825411, 0.18400822, 0.10466969],\n",
    "       [0.91577236, 0.35138967, 0.10103157, 0.35691819],\n",
    "       [0.81651271, 0.00863403, 0.45477708, 0.23132851]])"
   ]
  },
  {
   "cell_type": "code",
   "execution_count": 27,
   "id": "3f2dcdd1",
   "metadata": {},
   "outputs": [
    {
     "ename": "IndentationError",
     "evalue": "unexpected indent (<ipython-input-27-d245063cdcc3>, line 2)",
     "output_type": "error",
     "traceback": [
      "\u001b[0;36m  File \u001b[0;32m\"<ipython-input-27-d245063cdcc3>\"\u001b[0;36m, line \u001b[0;32m2\u001b[0m\n\u001b[0;31m    [0.91577236, 0.35138967, 0.10103157, 0.35691819],\u001b[0m\n\u001b[0m    ^\u001b[0m\n\u001b[0;31mIndentationError\u001b[0m\u001b[0;31m:\u001b[0m unexpected indent\n"
     ]
    }
   ],
   "source": [
    "slicer #array([[[0.01736417, 0.19825411, 0.18400822, 0.10466969],\n",
    "        [0.91577236, 0.35138967, 0.10103157, 0.35691819],\n",
    "        [0.81651271, 0.00863403, 0.45477708, 0.23132851]],\n",
    "       [[0.40584107, 0.1830951 , 0.82435868, 0.49512364],\n",
    "        [0.84479825, 0.86273298, 0.77688951, 0.79298097],\n",
    "        [0.360056  , 0.36066285, 0.83663756, 0.98446731]]])"
   ]
  },
  {
   "cell_type": "code",
   "execution_count": 28,
   "id": "621a01a3",
   "metadata": {},
   "outputs": [
    {
     "data": {
      "text/plain": [
       "0.017364168159434756"
      ]
     },
     "execution_count": 28,
     "metadata": {},
     "output_type": "execute_result"
    }
   ],
   "source": [
    "singlevel #0.017364168159434756"
   ]
  },
  {
   "cell_type": "code",
   "execution_count": 30,
   "id": "9483ace1",
   "metadata": {},
   "outputs": [
    {
     "ename": "IndentationError",
     "evalue": "unexpected indent (<ipython-input-30-b2c2c6806e6a>, line 2)",
     "output_type": "error",
     "traceback": [
      "\u001b[0;36m  File \u001b[0;32m\"<ipython-input-30-b2c2c6806e6a>\"\u001b[0;36m, line \u001b[0;32m2\u001b[0m\n\u001b[0;31m    [0.84479825, 0.86273298, 0.77688951, 0.79298097],\u001b[0m\n\u001b[0m    ^\u001b[0m\n\u001b[0;31mIndentationError\u001b[0m\u001b[0;31m:\u001b[0m unexpected indent\n"
     ]
    }
   ],
   "source": [
    "reverse #grabbing the last arrayarray([[0.40584107, 0.1830951 , 0.82435868, 0.49512364],\n",
    "       [0.84479825, 0.86273298, 0.77688951, 0.79298097],\n",
    "       [0.360056  , 0.36066285, 0.83663756, 0.98446731]])"
   ]
  },
  {
   "cell_type": "code",
   "execution_count": 33,
   "id": "a23baaa3",
   "metadata": {},
   "outputs": [],
   "source": [
    "#Update\n",
    "list1 = np.random.rand(10)\n",
    "list2 = np.random.rand(10)"
   ]
  },
  {
   "cell_type": "code",
   "execution_count": 34,
   "id": "6cf93c79",
   "metadata": {},
   "outputs": [
    {
     "data": {
      "text/plain": [
       "array([0.55427793, 0.12224314, 0.23759892, 0.07389245, 0.24869715,\n",
       "       0.34594973, 0.82410693, 0.59961645, 0.94981257, 0.56199585])"
      ]
     },
     "execution_count": 34,
     "metadata": {},
     "output_type": "execute_result"
    }
   ],
   "source": [
    "list1\n"
   ]
  },
  {
   "cell_type": "code",
   "execution_count": 36,
   "id": "afd611ba",
   "metadata": {},
   "outputs": [],
   "source": [
    "#BASIC MATH\n",
    "add = np.add(list1,list2)\n",
    "sub = np.subtract(list1,list2)\n",
    "div = np.divide(list1,list2)\n",
    "mult = np.multiply(list1,list2)\n",
    "dot = np.dot(list1,list2)\n",
    "                  "
   ]
  },
  {
   "cell_type": "code",
   "execution_count": 37,
   "id": "5b5af282",
   "metadata": {},
   "outputs": [
    {
     "data": {
      "text/plain": [
       "array([1.37195688, 0.61667629, 0.94354355, 0.79426077, 0.50906364,\n",
       "       0.90304662, 0.90200209, 1.11862543, 1.20812824, 0.98937101])"
      ]
     },
     "execution_count": 37,
     "metadata": {},
     "output_type": "execute_result"
    }
   ],
   "source": [
    "add"
   ]
  },
  {
   "cell_type": "code",
   "execution_count": 38,
   "id": "ef4c39ef",
   "metadata": {},
   "outputs": [
    {
     "data": {
      "text/plain": [
       "array([-0.26340102, -0.37219002, -0.46834571, -0.64647588, -0.01166934,\n",
       "       -0.21114715,  0.74621178,  0.08060748,  0.69149689,  0.13462069])"
      ]
     },
     "execution_count": 38,
     "metadata": {},
     "output_type": "execute_result"
    }
   ],
   "source": [
    "sub"
   ]
  },
  {
   "cell_type": "code",
   "execution_count": 39,
   "id": "760d2bad",
   "metadata": {},
   "outputs": [
    {
     "data": {
      "text/plain": [
       "array([ 0.67786744,  0.24723896,  0.33656877,  0.10257592,  0.9551811 ,\n",
       "        0.62098666, 10.57969409,  1.15531037,  3.67694512,  1.31499418])"
      ]
     },
     "execution_count": 39,
     "metadata": {},
     "output_type": "execute_result"
    }
   ],
   "source": [
    "div"
   ]
  },
  {
   "cell_type": "code",
   "execution_count": 40,
   "id": "7c946594",
   "metadata": {},
   "outputs": [
    {
     "data": {
      "text/plain": [
       "1.8530386378458357"
      ]
     },
     "execution_count": 40,
     "metadata": {},
     "output_type": "execute_result"
    }
   ],
   "source": [
    "dot\n"
   ]
  },
  {
   "cell_type": "code",
   "execution_count": 43,
   "id": "9641ee6d",
   "metadata": {},
   "outputs": [],
   "source": [
    "#STATISTIC FUNCTIONS SAPLAMM\n",
    "sqrt = np.sqrt(25) #SQUART\n",
    "ab = np.abs(-1)#convert to absolute value\n",
    "power = np.power(2,7) # calculate the power ,2^7\n",
    "log = np.log(25)\n",
    "exp = np.exp([2,3]) # create expponensial and calculate exponensial\n",
    "mins = np.min(list1) #MINIMUM\n",
    "maxs = np.max(list2) #MAKSIMUM"
   ]
  },
  {
   "cell_type": "code",
   "execution_count": 44,
   "id": "bd9f5a26",
   "metadata": {},
   "outputs": [
    {
     "data": {
      "text/plain": [
       "0.8176789464446764"
      ]
     },
     "execution_count": 44,
     "metadata": {},
     "output_type": "execute_result"
    }
   ],
   "source": [
    "maxs\n"
   ]
  },
  {
   "cell_type": "code",
   "execution_count": 45,
   "id": "84a85dd5",
   "metadata": {},
   "outputs": [],
   "source": [
    "data[0][0][0]= 700\n"
   ]
  },
  {
   "cell_type": "code",
   "execution_count": 46,
   "id": "4b4de92e",
   "metadata": {},
   "outputs": [
    {
     "data": {
      "text/plain": [
       "array([[[7.00000000e+02, 1.98254109e-01, 1.84008221e-01, 1.04669693e-01],\n",
       "        [9.15772362e-01, 3.51389666e-01, 1.01031568e-01, 3.56918189e-01],\n",
       "        [8.16512711e-01, 8.63402588e-03, 4.54777082e-01, 2.31328506e-01]],\n",
       "\n",
       "       [[4.05841066e-01, 1.83095095e-01, 8.24358676e-01, 4.95123641e-01],\n",
       "        [8.44798246e-01, 8.62732983e-01, 7.76889514e-01, 7.92980974e-01],\n",
       "        [3.60055996e-01, 3.60662854e-01, 8.36637562e-01, 9.84467308e-01]]])"
      ]
     },
     "execution_count": 46,
     "metadata": {},
     "output_type": "execute_result"
    }
   ],
   "source": [
    "data"
   ]
  },
  {
   "cell_type": "code",
   "execution_count": 47,
   "id": "60af24a9",
   "metadata": {},
   "outputs": [],
   "source": [
    "data.sort() #SORTING"
   ]
  },
  {
   "cell_type": "code",
   "execution_count": 48,
   "id": "61d6ee0f",
   "metadata": {},
   "outputs": [
    {
     "data": {
      "text/plain": [
       "array([[[1.04669693e-01, 1.84008221e-01, 1.98254109e-01, 7.00000000e+02],\n",
       "        [1.01031568e-01, 3.51389666e-01, 3.56918189e-01, 9.15772362e-01],\n",
       "        [8.63402588e-03, 2.31328506e-01, 4.54777082e-01, 8.16512711e-01]],\n",
       "\n",
       "       [[1.83095095e-01, 4.05841066e-01, 4.95123641e-01, 8.24358676e-01],\n",
       "        [7.76889514e-01, 7.92980974e-01, 8.44798246e-01, 8.62732983e-01],\n",
       "        [3.60055996e-01, 3.60662854e-01, 8.36637562e-01, 9.84467308e-01]]])"
      ]
     },
     "execution_count": 48,
     "metadata": {},
     "output_type": "execute_result"
    }
   ],
   "source": [
    "data"
   ]
  },
  {
   "cell_type": "code",
   "execution_count": 49,
   "id": "916a1e87",
   "metadata": {},
   "outputs": [
    {
     "name": "stdout",
     "output_type": "stream",
     "text": [
      "(2, 3, 4)\n"
     ]
    }
   ],
   "source": [
    "#RESHAPE ARRAY \n",
    "print(data.shape)"
   ]
  },
  {
   "cell_type": "code",
   "execution_count": 51,
   "id": "d92492aa",
   "metadata": {},
   "outputs": [
    {
     "data": {
      "text/plain": [
       "(2, 3, 4)"
      ]
     },
     "execution_count": 51,
     "metadata": {},
     "output_type": "execute_result"
    }
   ],
   "source": [
    "data.reshape((2,2,-1))\n",
    "data.shape"
   ]
  },
  {
   "cell_type": "code",
   "execution_count": 52,
   "id": "4977c902",
   "metadata": {},
   "outputs": [],
   "source": [
    "zeroes = np.zeros((8))"
   ]
  },
  {
   "cell_type": "code",
   "execution_count": 53,
   "id": "e7032e83",
   "metadata": {},
   "outputs": [
    {
     "name": "stdout",
     "output_type": "stream",
     "text": [
      "[0. 0. 0. 0. 0. 0. 0. 0.]\n"
     ]
    }
   ],
   "source": [
    "print(zeroes)"
   ]
  },
  {
   "cell_type": "code",
   "execution_count": 55,
   "id": "e65348a0",
   "metadata": {},
   "outputs": [],
   "source": [
    "zeroes = np.append(zeroes,[3,4]) #push array to the las"
   ]
  },
  {
   "cell_type": "code",
   "execution_count": 56,
   "id": "046708ef",
   "metadata": {},
   "outputs": [
    {
     "name": "stdout",
     "output_type": "stream",
     "text": [
      "[0. 0. 0. 0. 0. 0. 0. 0. 3. 4.]\n"
     ]
    }
   ],
   "source": [
    "print(zeroes)"
   ]
  },
  {
   "cell_type": "code",
   "execution_count": 62,
   "id": "555df448",
   "metadata": {},
   "outputs": [],
   "source": [
    "zeroes=np.insert(zeroes,2,1)\n",
    "#param(initial value,the position por place the value, include vthe value that want to insert)"
   ]
  },
  {
   "cell_type": "code",
   "execution_count": 63,
   "id": "30ed3941",
   "metadata": {},
   "outputs": [
    {
     "name": "stdout",
     "output_type": "stream",
     "text": [
      "[0. 0. 1. 0. 0. 0. 0. 0. 0. 3. 4.]\n"
     ]
    }
   ],
   "source": [
    "print(zeroes)"
   ]
  },
  {
   "cell_type": "markdown",
   "id": "10469cbf",
   "metadata": {},
   "source": [
    "# DELETE"
   ]
  },
  {
   "cell_type": "code",
   "execution_count": 64,
   "id": "06a24b25",
   "metadata": {},
   "outputs": [
    {
     "data": {
      "text/plain": [
       "array([[[1.04669693e-01, 1.84008221e-01, 1.98254109e-01, 7.00000000e+02],\n",
       "        [1.01031568e-01, 3.51389666e-01, 3.56918189e-01, 9.15772362e-01],\n",
       "        [8.63402588e-03, 2.31328506e-01, 4.54777082e-01, 8.16512711e-01]],\n",
       "\n",
       "       [[1.83095095e-01, 4.05841066e-01, 4.95123641e-01, 8.24358676e-01],\n",
       "        [7.76889514e-01, 7.92980974e-01, 8.44798246e-01, 8.62732983e-01],\n",
       "        [3.60055996e-01, 3.60662854e-01, 8.36637562e-01, 9.84467308e-01]]])"
      ]
     },
     "execution_count": 64,
     "metadata": {},
     "output_type": "execute_result"
    }
   ],
   "source": [
    "data"
   ]
  },
  {
   "cell_type": "code",
   "execution_count": 70,
   "id": "dea7290a",
   "metadata": {},
   "outputs": [],
   "source": [
    "delete_value = np.delete(data,0,axis=1) # (data,whih level,if we spesific axis,it mean its arrow)"
   ]
  },
  {
   "cell_type": "code",
   "execution_count": 69,
   "id": "f2f187a9",
   "metadata": {},
   "outputs": [
    {
     "data": {
      "text/plain": [
       "array([[[0.10103157, 0.35138967, 0.35691819, 0.91577236],\n",
       "        [0.00863403, 0.23132851, 0.45477708, 0.81651271]],\n",
       "\n",
       "       [[0.77688951, 0.79298097, 0.84479825, 0.86273298],\n",
       "        [0.360056  , 0.36066285, 0.83663756, 0.98446731]]])"
      ]
     },
     "execution_count": 69,
     "metadata": {},
     "output_type": "execute_result"
    }
   ],
   "source": [
    "delete_value"
   ]
  },
  {
   "cell_type": "code",
   "execution_count": 73,
   "id": "df6b2b2c",
   "metadata": {},
   "outputs": [],
   "source": [
    "# test = np.load('dataScienceBasic',data)"
   ]
  },
  {
   "cell_type": "code",
   "execution_count": null,
   "id": "6854ba8d",
   "metadata": {},
   "outputs": [],
   "source": []
  }
 ],
 "metadata": {
  "kernelspec": {
   "display_name": "Python 3",
   "language": "python",
   "name": "python3"
  },
  "language_info": {
   "codemirror_mode": {
    "name": "ipython",
    "version": 3
   },
   "file_extension": ".py",
   "mimetype": "text/x-python",
   "name": "python",
   "nbconvert_exporter": "python",
   "pygments_lexer": "ipython3",
   "version": "3.8.8"
  }
 },
 "nbformat": 4,
 "nbformat_minor": 5
}
